//key money boolean(general store) - Name - item quantity and repeat
1 995 false - Herb and Farm Store - 200 2000 202 2000 204 2000 206 2000 208 1000 210 1000 212 1000 214 1000 3052 500 216 500 2486 500 218 500 220 500 228 200000 233 10 222 500 235 500 226 500 224 500 240 500 232 500 9594 500 12539 500 5318 100 5291 100 5295 100 5299 100 5302 100 5304 100 5300 100
2 995 false - Bones N Axes N Gems - 13101 50 24108 20 24110 20 24112 20 24114 20 24145 3 24146 3
3 995 false - Mining Supplies - 1265 50 1267 50 1269 50 1271 50 1273 50 1275 50 436 500 438 500 440 500 442 500 444 500 447 500 449 500 451 500 2347 10
4 995 false - Fishing Supplies - 303 100 305 100 13431 100 301 100 307 100 309 100 313 100 314 100 311 100 15263 10000
5 995 false - Skillcape Hood Shop - 9749 100 9752 100 9755 100 9758 100 9761 100 9764 100 9767 100 9770 100 9773 100 9776 100 9779 100 9782 100 9785 100 9788 100 9791 100 9794 100 9797 100 9800 100 9803 100 9806 100 9809 100 9812 100 9950 10 12171 100 18510 100 18510 100
6 995 false - mage wepons and armour - 6106 30 6107 30 6108 30 6109 30 6110 30 4109 1000 4111 1000 4113 1000 14497 1000 14499 1000 14501 1000 1381 1000 1383 1000 1385 1000 1387 1000 4675 1000 6563 1000 6914 1000 2412 10 2413 10 2414 10 6889 1000 3842 10 3840 10 3844 10
7 995 false - Pure Accessories - 13101 100 24108 100 24110 100 24112 100 24114 100 544 100 542 100 3060 100 1837 100
8 995 false - Super Donator shop - 23531 1000
9 995 false - Range Weapons - 863 100000 868 100000 11230 10000 884 10000 892 100000 11212 100000 9140 100000 9144 100000 9242 100000 9243 100000 9244 100000 9245 100000 9177 100 9185 100 841 100 861 100
10 995 false - Summoning Scrolls 1 - 12425 100000 12445 100000 19621 100000 12428 100000 12459 100000 12533 100000 12838 100000 12460 100000 12432 100000 12839 100000 12430 100000 12446 100000 12440 100000 12834 100000 12447 100000 12433 100000 12429 100000 12443 100000 12461 100000 12431 100000 12422 100000 12449 100000 12458 100000 12462 100000 12829 100000 12426 100000 12444 100000 12441 100000
11 995 false - Summoning Scrolls 2 - 12454 100000 12453 100000 12424 100000 12463 100000 12836 100000 12840 100000 12835 100000 12455 100000 12468 100000 12427 100000 12434 100000 12467 100000 12464 100000 12452 100000 12439 100000 12438 100000 12423 100000 12830 100000 12451 100000 14622 100000 12826 100000 12449 100000 12450 100000 12841 100000 12465 100000 12831 100000 12457 100000 12442 100000 12456 100000 12837 100000 
12 995 false - Summoning Scrolls 3 - 12832 100000 12466 100000 12434 100000 12833 100000 12437 100000 12827 100000 12828 100000 12435 100000 12825 100000
13 995 false - X - 1 1
14 995 false - Range Armour - 1095 100 1129 100 1169 100 1063 100 1099 100 1135 100 12936 100 1065 100 2493 100 2499 100 12943 100 2487 100 2497 100 2503 100 12957 100 2491 100 2495 100 2501 100 12950 100 2489 100 3749 100 1478 100 15126 100 10498 100 10499 100 20068 100
15 995 false - Melee Armour - 4121 100 1067 100 1115 100 1153 100 4129 100 1073 100 1123 100 1161 100 4131 100 1079 100 1127 100 1163 100 11732 100 1201 100 1199 100 1197 100 1540 100 3105 100 5576 100 5575 100 5574 100 9676 100 9674 100 9672 100 3751 100 10828 100 1725 100 1704 100
16 995 false - Magic Supplies - 554 100000 555 100000 556 100000 557 100000 558 100000 559 100000 560 100000 561 100000 562 100000 563 100000 564 100000 565 100000 9075 100000 566 100000 8007 100 8008 100 8009 100 8010 100 8011 100 
17 995 false - Shop Of Great Accuracy - 841 10 843 10 849 10 853 10 857 10 861 10 882 500 884 500 886 500 888 500 890 500 892 500 11212 5000 11217 5000 9244 500000 9245 500000 9342 500000
18 995 false - hunter shop - 10006 1000 10008 1000
19 995 false - The Max Cash Exchange + Bonus Items - 11179 100 6746 10
20 995 false - Nigels Wheat Rewards - 
21 995 false - Staff Shop 2 - 16711 10 17259 10 16689 10 16359 10 16293 10 16293 10
22 995 false - Skill shop 1 - 7937 10000000 1626 5000 1628 5000 1624 5000 1620 5000 1620 5000 1618 5000 1632 5000 6572 5000 527 500 533 500 535 500 3126 500 2350 50 2347 100 8794 10 1755 20 1267 10 1275 10 15259 10 1349 50 1359 50 6739 10 590 50 1734 2000 1733 10 946 50
23 995 false - Dragon's Guise - 1377 100 1434 100 1540 50 4587 20 4087 50 4585 50 11335 50 11732 50 13006 50 14479 50 19341 50 19342 50 19343 50 19344 50 19345 50 19336 50 19337 50 19338 50 19339 50 19340 50 19281 10 19284 10 19287 10 19290 10 19293 10 19296 10 19299 10 19302 10 19305 10
25 995 false - Summoning Supplies 1 - 12183 100000000 12155 10000000 15262 100000000 2859 10000 6291 10000 3095 10000 2134 10000 12156 10000 12134 10000 2132 10000 9736 10000 8431 10000 1933 10000 2460 10000 6155 10000 2138 100 3363 100 440 100 6319 100 1783 100 12168 100 3138 100 6032 100 9976 100 3325 100 1519 100
26 995 false - Summoning Pouches and scrolls - 12777 1000 12832 10000 12090 1000 12437 1000000 12032 1000 12040 1000 12434 1000000 12791 1000 12825 1000000 12094 1000 12435 1000000
27 995 false - Summoning Supplies 2 - 12164 100 12167 100 2349 100 6010 100 249 100 12109 100 2351 100 590 100 1635 100 9978 100 12161 100 1937 100 2353 100 311 100 10099 100 10103 100 10095 100 6667 100 6287 100 2359 100 2150 100 7939 100 383 100 1963 100 1933 100 10117 100 14616 100 2361 100 10020 100 12162 100
28 995 false - Summoning Supplies 3 - 5933 100 1442 100 1438 100 1444 100 1440 100 571 100 10149 100 2363 1 3226 100 1115 100 237 10000 10818 10000 1119 10000
29 995 false - Melee Weapons - 1323 100 1309 100 1333 100 1319 100 1347 100 1373 100 4587 1000 7158 100 5698 1000 1305 1000 1377 100 1434 1000 3204 1000 5730 1000 4153 1000 6528 1000 4151 10
30 995 false - Food and Pots - 380 100000 7947 100000 386 100000 15273 100000 146 10000 158 10000 164 10000 170 1000 3043 1000 3025 10000 6686 10000 12141 100000 23256 100000 23280 100000 23292 100000 23400 100000 23352 100000 2447 100000 2453 10000
31 13650 false - Slayer Shop - 13263 100 21371 100 11235 100 15701 100 15702 100 15703 100 15704 100
32 995 false - Skillcape Shop - 9748 100 9751 100 9754 100 9757 100 9760 100 9763 100 9766 100 9769 100 9772 100 9775 100 9778 100 9781 100 9784 100 9787 100 9790 100 9793 100 9796 100 9799 100 9802 100 9805 100 9808 100 9811 100 9949 100 12170 100 18509 100 19709 100
33 995 false - Capes Of Fun - 20763 100 20765 100 20767 100 20769 100 20771 100
34 995 false - Staff Shop - 21819 1 15098 100 22361 5000 20159 100 20163 100 20167 100 20135 100 20139 100 20143 100 20147 100 20151 100 20155 100 1038 100 1040 100 1042 100 1044 100 1046 100 1048 100 18349 10 18351 10 18353 10 18355 10 18357 10 18359 10 18361 10 18363 10 18335 10 10872 10
35 995 false - Loyalty Store - 20958 150000 22268 150000 20962 150000 22270 150000 20967 150000 22272 150000 22280 150000 22282 150000 22284 150000 22286 150000 20966 150000 22274 150000 20965 150000 22276 150000 22288 150000 22290 150000 22292 150000 22294 150000 22300 150000 22296 150000 22298 150000 22302 150000
36 995 false - Pet Store - 12196 150000 21512 150000
37 995 false - Prestige Shop 1 - 24437 10 24160 10 20958 10 20962 10 20967 10 22280 10 22284 10 20966 10 20965 10 22288 10
39 995 false - Prestige Shop 5 - 24439 10 24161 10 22268 10 22270 10 22272 10 22282 10 22286 10 22274 10 22276 10 22290 10
40 995 false - Prestige Shop 10 - 24440 10 24162 10 22292 10 22294 10 22300 10 22296 10 22298 10 22302 10
41 995 false - Prestige Shop 15 - 24441 10 24163 10
42 995 false - Prestige Shop 20 - 24164 10 23880 10 23882 10 23884 10 23886 10 23888 10 23890 10 23892 10 23894 10
43 995 false - Prestige Shop 50 - 1052 1
46 9474 false - Reward Shop - 15422 3 15423 3 15425 3 1580 5 4671 5 14596 10 18628 1 18625 1 22966 5
45 995 false - Construction Supplys - 9592 100 2353 10 9425 10 1207 10 6332 1000 6333 1000
49 995 true - Sell to Me - 
66 995 false - X - 
67 995 false - PK Shop - 
69 995 true - Custom Pets - 7585 100 3696 100 90 100 5328 100 432 100 6652 100 20 100 4485 100 1476 100 6462 100 11808 100 14583 100 11791
76 46911 false - Vote Store - 11663 10 11664 10 11665 10 1 10 8840 10 8842 10 20929 10 3062 1000 3063 1000
89 18201 false - Dungeoneering shop - 18333 100 18334 100 18335 100 18337 100 18347 100 18349 100 18351 100 18353 100 18355 100 18357 100 18359 100 18361 100 18363 100 18365 100 18367 100 18369 100 18371 100 18373 100 19669 100
90 6529 false - Tokkul Shop - 6585 100 11128 100
93 995 false - Pk shop 2 - 13911 1000 13917 1000 13923 1000 13929 1000 13914 1000 13908 1000 13920 1000 13926 1000 13932 1000 13935 1000 13938 1000 13941 1000 13944 1000 13947 1000 13950 1000 13953 1000 13957 1000
94 995 false - Pk shop 1 - 13887 1000 13893 1000 13899 1000 13905 1000 13884 1000 13890 1000 13896 1000 13902 1000 13858 1000 13861 1000 13864 1000 13867 1000 13870 1000 13873 1000 13876 1000 13879 1000 13883 1000
95 995 false - Donator shop - 13661 1 23659 100 14642 100 14641 100 19333 100 19346 100 19348 100 19350 100 19352 100 19354 100 19356 100 19358 100 19360 100 15018 100 15220 100 15020 100 15019 100
96 995 false - Non Exchange 1 - 22482 10 22486 10 22490 10 22494 10 22458 10 22462 10 22466 10 22470 10 22474 10 22478 10 4937 10 11694 10 11696 10 11698 10 11700 10 11724 10 11726 10 11728 10 11718 10 11720 10 11722 10 13734 10 13754 10 13736 10 13738 10 13740 10 13742 10 13744 10 14484 10
97 995 false - Non Exchange 2 - 23687 10 23688 10 23689 10 21787 10 21790 10 21793 10 6731 10 6733 10 6735 10 6738
98 24373 false - QBD Exchange - 24376 10 24379 10 24382 10 24388 10
99 12852 false - FOG Token Shop - 7462 100 7459 100 10551 100 10548 100 22321 100 3265 100 14595 100 14602 100 14603 100 14605 100 1037 100 11789 100 23737 1000 23738 1000 23739 1000 23814 1000 23815 1000 23816 1000 9104 10 15015 10 2379 10
100 1464 false - PK Shop - 1 100 2 100 3 100
200 995 false - Cool Item Shop - 14484 10 13740 10 13738 10 13742 10 13744 10 1038 10 1040 10 1042 10 1044 10 1046 10 1048 10 962 10 1050 10 1037 10 20135 10 20139 10 20143 10 21787 10 21790 10 21793 10 18349 10 18351 10 18353 10 18355 10 18357 10 20159 10 20163 10 20167 10 20147 10 20151 10 20155 10 23659 10